0: C:\Program Files\nodejs\node.exe
1: C:\Users\alien\Projects\cpplang\samples\command_line_arguments\js_node\index.js
2: ..\..\writeline\asm_masm\index.obj
100 134 3 0 55 29 249 87 254 1 0 0 16 0 0 0 0 0 0 0 46 116 101 120 116 0 0 0 0 0 0 0 0 0 0 0 83 0 0 0 140 0 0 0 224 0 0 0 0 0 0 0 11 0 0 0 32 0 80 96 46 100 97 116 97 0 0 0 0 0 0 0 0 0 0 0 31 0 0 0 78 1 0 0 0 0 0 0 0 0 0 0 0 0 0 0 64 0 80 192 46 100 101 98 117 103 36 83 0 0 0 0 0 0 0 0 144 0 0 0 109 1 0 0 0 0 0 0 0 0 0 0 0 0 0 0 64 0 16 66 72 131 236 40 72 141 13 0 0 0 0 232 0 0 0 0 137 5 0 0 0 0 185 245 255 255 255 232 0 0 0 0 72 137 5 0 0 0 0 76 141 13 0 0 0 0 68 139 5 0 0 0 0 72 141 21 0 0 0 0 72 139 13 0 0 0 0 232 0 0 0 0 51 201 232 0 0 0 0 72 131 196 40 0 7 0 0 0 12 0 0 0 4 0 12 0 0 0 9 0 0 0 4 0 18 0 0 0 14 0 0 0 4 0 28 0 0 0 7 0 0 0 4 0 35 0 0 0 11 0 0 0 4 0 42 0 0 0 13 0 0 0 4 0 49 0 0 0 14 0 0 0 4 0 56 0 0 0 12 0 0 0 4 0 63 0 0 0 11 0 0 0 4 0 68 0 0 0 8 0 0 0 4 0 75 0 0 0 10 0 0 0 4 0 0 0 0 0 0 0 0 0 0 0 0 0 0 0 0 0 72 101 108 108 111 32 87 111 114 108 100 33 13 10 0 4 0 0 0 241 0 0 0 132 0 0 0 73 0 1 17 0 0 0 0 67 58 92 85 115 101 114 115 92 97 108 105 101 110 92 80 114 111 106 101 99 116 115 92 99 112 112 108 97 110 103 92 115 97 109 112 108 101 115 92 108 101 115 115 111 110 48 92 97 115 109 95 109 97 115 109 92 105 110 100 101 120 46 111 98 106 0 55 0 60 17 3 2 0 0 208 0 0 0 0 0 0 0 0 0 10 0 0 0 111 118 1 0 77 105 99 114 111 115 111 102 116 32 40 82 41 32 77 97 99 114 111 32 65 115 115 101 109 98 108 101 114 0 0 0 64 99 111 109 112 46 105 100 111 118 158 0 255 255 0 0 3 0 46 116 101 120 116 0 0 0 0 0 0 0 1 0 0 0 3 1 83 0 0 0 11 0 0 0 0 0 0 0 0 0 0 0 0 0 46 100 97 116 97 0 0 0 0 0 0 0 2 0 0 0 3 1 31 0 0 0 0 0 0 0 0 0 0 0 0 0 0 0 0 0 46 100 101 98 117 103 36 83 0 0 0 0 3 0 0 0 3 1 144 0 0 0 0 0 0 0 0 0 0 0 0 0 0 0 0 0 0 0 0 0 4 0 0 0 0 0 0 0 0 0 0 0 2 0 0 0 0 0 17 0 0 0 0 0 0 0 0 0 0 0 2 0 108 115 116 114 108 101 110 0 0 0 0 0 0 0 0 0 2 0 0 0 0 0 27 0 0 0 0 0 0 0 0 0 0 0 2 0 104 70 105 108 101 0 0 0 0 0 0 0 2 0 0 0 3 0 109 115 103 0 0 0 0 0 16 0 0 0 2 0 0 0 3 0 0 0 0 0 39 0 0 0 12 0 0 0 2 0 0 0 3 0 109 115 103 108 101 110 0 0 8 0 0 0 2 0 0 0 3 0 109 97 105 110 0 0 0 0 0 0 0 0 1 0 32 0 2 0 52 0 0 0 71 101 116 83 116 100 72 97 110 100 108 101 0 87 114 105 116 101 70 105 108 101 0 69 120 105 116 80 114 111 99 101 115 115 0 66 121 116 101 115 87 114 105 116 116 101 110 0
0: C:\Program Files\nodejs\node.exe
1: C:\Users\alien\Projects\cpplang\samples\command_line_arguments\js_node\index.js
2: ..\..\writeline\asm_masm\index.obj
64 86 3 0 37 1d f9 57 fe 1 0 0 10 0 0 0 0 0 0 0 2e 74 65 78 74 0 0 0 0 0 0 0 0 0 0 0 53 0 0 0 8c 0 0 0 e0 0 0 0 0 0 0 0 b 0 0 0 20 0 50 60 2e 64 61 74 61 0 0 0 0 0 0 0 0 0 0 0 1f 0 0 0 4e 1 0 0 0 0 0 0 0 0 0 0 0 0 0 0 40 0 50 c0 2e 64 65 62 75 67 24 53 0 0 0 0 0 0 0 0 90 0 0 0 6d 1 0 0 0 0 0 0 0 0 0 0 0 0 0 0 40 0 10 42 48 83 ec 28 48 8d d 0 0 0 0 e8 0 0 0 0 89 5 0 0 0 0 b9 f5 ff ff ff e8 0 0 0 0 48 89 5 0 0 0 0 4c 8d d 0 0 0 0 44 8b 5 0 0 0 0 48 8d 15 0 0 0 0 48 8b d 0 0 0 0 e8 0 0 0 0 33 c9 e8 0 0 0 0 48 83 c4 28 0 7 0 0 0 c 0 0 0 4 0 c 0 0 0 9 0 0 0 4 0 12 0 0 0 e 0 0 0 4 0 1c 0 0 0 7 0 0 0 4 0 23 0 0 0 b 0 0 0 4 0 2a 0 0 0 d 0 0 0 4 0 31 0 0 0 e 0 0 0 4 0 38 0 0 0 c 0 0 0 4 0 3f 0 0 0 b 0 0 0 4 0 44 0 0 0 8 0 0 0 4 0 4b 0 0 0 a 0 0 0 4 0 0 0 0 0 0 0 0 0 0 0 0 0 0 0 0 0 48 65 6c 6c 6f 20 57 6f 72 6c 64 21 d a 0 4 0 0 0 f1 0 0 0 84 0 0 0 49 0 1 11 0 0 0 0 43 3a 5c 55 73 65 72 73 5c 61 6c 69 65 6e 5c 50 72 6f 6a 65 63 74 73 5c 63 70 70 6c 61 6e 67 5c 73 61 6d 70 6c 65 73 5c 6c 65 73 73 6f 6e 30 5c 61 73 6d 5f 6d 61 73 6d 5c 69 6e 64 65 78 2e 6f 62 6a 0 37 0 3c 11 3 2 0 0 d0 0 0 0 0 0 0 0 0 0 a 0 0 0 6f 76 1 0 4d 69 63 72 6f 73 6f 66 74 20 28 52 29 20 4d 61 63 72 6f 20 41 73 73 65 6d 62 6c 65 72 0 0 0 40 63 6f 6d 70 2e 69 64 6f 76 9e 0 ff ff 0 0 3 0 2e 74 65 78 74 0 0 0 0 0 0 0 1 0 0 0 3 1 53 0 0 0 b 0 0 0 0 0 0 0 0 0 0 0 0 0 2e 64 61 74 61 0 0 0 0 0 0 0 2 0 0 0 3 1 1f 0 0 0 0 0 0 0 0 0 0 0 0 0 0 0 0 0 2e 64 65 62 75 67 24 53 0 0 0 0 3 0 0 0 3 1 90 0 0 0 0 0 0 0 0 0 0 0 0 0 0 0 0 0 0 0 0 0 4 0 0 0 0 0 0 0 0 0 0 0 2 0 0 0 0 0 11 0 0 0 0 0 0 0 0 0 0 0 2 0 6c 73 74 72 6c 65 6e 0 0 0 0 0 0 0 0 0 2 0 0 0 0 0 1b 0 0 0 0 0 0 0 0 0 0 0 2 0 68 46 69 6c 65 0 0 0 0 0 0 0 2 0 0 0 3 0 6d 73 67 0 0 0 0 0 10 0 0 0 2 0 0 0 3 0 0 0 0 0 27 0 0 0 c 0 0 0 2 0 0 0 3 0 6d 73 67 6c 65 6e 0 0 8 0 0 0 2 0 0 0 3 0 6d 61 69 6e 0 0 0 0 0 0 0 0 1 0 20 0 2 0 34 0 0 0 47 65 74 53 74 64 48 61 6e 64 6c 65 0 57 72 69 74 65 46 69 6c 65 0 45 78 69 74 50 72 6f 63 65 73 73 0 42 79 74 65 73 57 72 69 74 74 65 6e 0


0: C:\Program Files\nodejs\node.exe
1: C:\Users\alien\Projects\cpplang\samples\command_line_arguments\js_node\index.js
2: ..\..\writeline\asm_masm\index.exe
77 90 
144 0 
3 0 
0 0 
4 0 
0 0 
255 255 
0 0 
184 0 0 0 
0 0 0 0 
64 0 
0 0 0 0 
0 0 0 0 
0 0 
0 0 
0 0 0 0 0 0 0 0
0 0 
0 0 
0 0 0 0 0 0 0 0 0 0 192 0 0 0 14 31 186 14 0 180 
9 205 33 184 1 76 205 33 
84 104 105 115 32 112 114 111 103 114 97 109 32 99 97 110 110 111 116 32 98 101 32 114 117 110 32 105 110 32 68 79 83 32 109 111 100 101 46 13 13 10 36 0 0 0 0 0 0 0 97 175 28 220 37 206 114 143 37 206 114 143 37 206 114 143 44 182 225 143 38 206 114 143 37 206 115 143 33 206 114 143 74 184 236 143 36 206 114 143 74 184 239 143 36 206 114 143 82 105 99 104 37 206 114 143 0 0 0 0 0 0 0 0 80 69 0 0 100 134 3 0 55 29 249 87 0 0 0 0 0 0 0 0 240 0 34 0 11 2 10 0 0 2 0 0 0 4 0 0 0 0 0 0 0 16 0 0 0 16 0 0 0 0 0 64 1 0 0 0 0 16 0 0 0 2 0 0 5 0 2 0 0 0 0 0 5 0 2 0 0 0 0 0 0 64 0 0 0 4 0 0 0 0 0 0 3 0 64 129 0 0 16 0 0 0 0 0 0 16 0 0 0 0 0 0 0 0 16 0 0 0 0 0 0 16 0 0 0 0 0 0 0 0 0 0 16 0 0 0 0 0 0 0 0 0 0 0 40 32 0 0 40 0 0 0 0 0 0 0 0 0 0 0 0 0 0 0 0 0 0 0 0 0 0 0 0 0 0 0 0 0 0 0 0 0 0 0 0 0 0 0 0 0 0 0 0 0 0 0 0 0 0 0 0 0 0 0 0 0 0 0 0 0 0 0 0 0 0 0 0 0 0 0 0 0 0 0 0 0 0 0 0 0 0 0 0 32 0 0 40 0 0 0 0 0 0 0 0 0 0 0 0 0 0 0 0 0 0 0 0 0 0 0 0 0 0 0 46 116 101 120 116 0 0 0 108 0 0 0 0 16 0 0 0 2 0 0 0 4 0 0 0 0 0 0 0 0 0 0 0 0 0 0 32 0 0 96 46 114 100 97 116 97 0 0 186 0 0 0 0 32 0 0 0 2 0 0 0 6 0 0 0 0 0 0 0 0 0 0 0 0 0 0 64 0 0 64 46 100 97 116 97 0 0 0 31 0 0 0 0 48 0 0 0 2 0 0 0 8 0 0 0 0 0 0 0 0 0 0 0 0 0 0 64 0 0 192 0 0 0 0 0 0 0 0 0 0 0 0 0 0 0 0 0 0 0 0 0 0 0 0 0 0 0 0 0 0 0 0 0 0 0 0 0 0 0 0 0 0 0 0 0 0 0 0 0 0 0 0 0 0 0 0 0 0 0 0 0 0 0 0 0 0 0 0 0 0 0 0 0 0 0 0 0 0 0 0 0 0 0 0 0 0 0 0 0 0 0 0 0 0 0 0 0 0 0 0 0 0 0 0 0 0 0 0 0 0 0 0 0 0 0 0 0 0 0 0 0 0 0 0 0 0 0 0 0 0 0 0 0 0 0 0 0 0 0 0 0 0 0 0 0 0 0 0 0 0 0 0 0 0 0 0 0 0 0 0 0 0 0 0 0 0 0 0 0 0 0 0 0 0 0 0 0 0 0 0 0 0 0 0 0 0 0 0 0 0 0 0 0 0 0 0 0 0 0 0 0 0 0 0 0 0 0 0 0 0 0 0 0 0 0 0 0 0 0 0 0 0 0 0 0 0 0 0 0 0 0 0 0 0 0 0 0 0 0 0 0 0 0 0 0 0 0 0 0 0 0 0 0 0 0 0 0 0 0 0 0 0 0 0 0 0 0 0 0 0 0 0 0 0 0 0 0 0 0 0 0 0 0 0 0 0 0 0 0 0 0 0 0 0 0 0 0 0 0 0 0 0 0 0 0 0 0 0 0 0 0 0 0 0 0 0 0 0 0 0 0 0 0 0 0 0 0 0 0 0 0 0 0 0 0 0 0 0 0 0 0 0 0 0 0 0 0 0 0 0 0 0 0 0 0 0 0 0 0 0 0 0 0 0 0 0 0 0 0 0 0 0 0 0 0 0 0 0 0 0 0 0 0 0 0 0 0 0 0 0 0 0 0 0 0 0 0 0 0 0 0 0 0 0 0 0 0 0 0 0 0 0 0 0 0 0 0 0 0 0 0 0 0 0 0 0 0 0 0 0 0 0 0 0 0 0 0 0 0 0 0 0 0 0 0 0 0 0 72 131 236 40 72 141 13 5 32 0 0 232 80 0 0 0 137 5 242 31 0 0 185 245 255 255 255 232 52 0 0 0 72 137 5 217 31 0 0 76 141 13 222 31 0 0 68 139 5 211 31 0 0 72 141 21 212 31 0 0 72 139 13 189 31 0 0 232 18 0 0 0 51 201 232 23 0 0 0 72 131 196 40 204 255 37 190 15 0 0 255 37 160 15 0 0 255 37 162 15 0 0 255 37 164 15 0 0 0 0 0 0 0 0 0 0 0 0 0 0 0 0 0 0 0 0 0 0 0 0 0 0 0 0 0 0 0 0 0 0 0 0 0 0 0 0 0 0 0 0 0 0 0 0 0 0 0 0 0 0 0 0 0 0 0 0 0 0 0 0 0 0 0 0 0 0 0 0 0 0 0 0 0 0 0 0 0 0 0 0 0 0 0 0 0 0 0 0 0 0 0 0 0 0 0 0 0 0 0 0 0 0 0 0 0 0 0 0 0 0 0 0 0 0 0 0 0 0 0 0 0 0 0 0 0 0 0 0 0 0 0 0 0 0 0 0 0 0 0 0 0 0 0 0 0 0 0 0 0 0 0 0 0 0 0 0 0 0 0 0 0 0 0 0 0 0 0 0 0 0 0 0 0 0 0 0 0 0 0 0 0 0 0 0 0 0 0 0 0 0 0 0 0 0 0 0 0 0 0 0 0 0 0 0 0 0 0 0 0 0 0 0 0 0 0 0 0 0 0 0 0 0 0 0 0 0 0 0 0 0 0 0 0 0 0 0 0 0 0 0 0 0 0 0 0 0 0 0 0 0 0 0 0 0 0 0 0 0 0 0 0 0 0 0 0 0 0 0 0 0 0 0 0 0 0 0 0 0 0 0 0 0 0 0 0 0 0 0 0 0 0 0 0 0 0 0 0 0 0 0 0 0 0 0 0 0 0 0 0 0 0 0 0 0 0 0 0 0 0 0 0 0 0 0 0 0 0 0 0 0 0 0 0 0 0 0 0 0 0 0 0 0 0 0 0 0 0 0 0 0 0 0 0 0 0 0 0 0 0 0 0 0 0 0 0 0 0 0 0 0 0 0 0 0 0 0 0 0 0 0 0 0 0 0 0 0 0 0 0 0 0 0 0 0 0 0 0 0 0 0 0 0 136 32 0 0 0 0 0 0 148 32 0 0 0 0 0 0 158 32 0 0 0 0 0 0 120 32 0 0 0 0 0 0 0 0 0 0 0 0 0 0 80 32 0 0 0 0 0 0 0 0 0 0 172 32 0 0 0 32 0 0 0 0 0 0 0 0 0 0 0 0 0 0 0 0 0 0 0 0 0 0 136 32 0 0 0 0 0 0 148 32 0 0 0 0 0 0 158 32 0 0 0 0 0 0 120 32 0 0 0 0 0 0 0 0 0 0 0 0 0 0 107 2 71 101 116 83 116 100 72 97 110 100 108 101 0 0 52 5 87 114 105 116 101 70 105 108 101 0 95 5 108 115 116 114 108 101 110 0 31 1 69 120 105 116 80 114 111 99 101 115 115 0 75 69 82 78 69 76 51 50 46 100 108 108 0 0 0 0 0 0 0 0 0 0 0 0 0 0 0 0 0 0 0 0 0 0 0 0 0 0 0 0 0 0 0 0 0 0 0 0 0 0 0 0 0 0 0 0 0 0 0 0 0 0 0 0 0 0 0 0 0 0 0 0 0 0 0 0 0 0 0 0 0 0 0 0 0 0 0 0 0 0 0 0 0 0 0 0 0 0 0 0 0 0 0 0 0 0 0 0 0 0 0 0 0 0 0 0 0 0 0 0 0 0 0 0 0 0 0 0 0 0 0 0 0 0 0 0 0 0 0 0 0 0 0 0 0 0 0 0 0 0 0 0 0 0 0 0 0 0 0 0 0 0 0 0 0 0 0 0 0 0 0 0 0 0 0 0 0 0 0 0 0 0 0 0 0 0 0 0 0 0 0 0 0 0 0 0 0 0 0 0 0 0 0 0 0 0 0 0 0 0 0 0 0 0 0 0 0 0 0 0 0 0 0 0 0 0 0 0 0 0 0 0 0 0 0 0 0 0 0 0 0 0 0 0 0 0 0 0 0 0 0 0 0 0 0 0 0 0 0 0 0 0 0 0 0 0 0 0 0 0 0 0 0 0 0 0 0 0 0 0 0 0 0 0 0 0 0 0 0 0 0 0 0 0 0 0 0 0 0 0 0 0 0 0 0 0 0 0 0 0 0 0 0 0 0 0 0 0 0 0 0 0 0 0 0 0 0 0 0 0 0 0 0 0 0 0 0 0 0 0 0 0 0 0 0 0 0 0 0 0 0 0 0 0 0 0 72 101 108 108 111 32 87 111 114 108 100 33 13 10 0 0 0 0 0 0 0 0 0 0 0 0 0 0 0 0 0 0 0 0 0 0 0 0 0 0 0 0 0 0 0 0 0 0 0 0 0 0 0 0 0 0 0 0 0 0 0 0 0 0 0 0 0 0 0 0 0 0 0 0 0 0 0 0 0 0 0 0 0 0 0 0 0 0 0 0 0 0 0 0 0 0 0 0 0 0 0 0 0 0 0 0 0 0 0 0 0 0 0 0 0 0 0 0 0 0 0 0 0 0 0 0 0 0 0 0 0 0 0 0 0 0 0 0 0 0 0 0 0 0 0 0 0 0 0 0 0 0 0 0 0 0 0 0 0 0 0 0 0 0 0 0 0 0 0 0 0 0 0 0 0 0 0 0 0 0 0 0 0 0 0 0 0 0 0 0 0 0 0 0 0 0 0 0 0 0 0 0 0 0 0 0 0 0 0 0 0 0 0 0 0 0 0 0 0 0 0 0 0 0 0 0 0 0 0 0 0 0 0 0 0 0 0 0 0 0 0 0 0 0 0 0 0 0 0 0 0 0 0 0 0 0 0 0 0 0 0 0 0 0 0 0 0 0 0 0 0 0 0 0 0 0 0 0 0 0 0 0 0 0 0 0 0 0 0 0 0 0 0 0 0 0 0 0 0 0 0 0 0 0 0 0 0 0 0 0 0 0 0 0 0 0 0 0 0 0 0 0 0 0 0 0 0 0 0 0 0 0 0 0 0 0 0 0 0 0 0 0 0 0 0 0 0 0 0 0 0 0 0 0 0 0 0 0 0 0 0 0 0 0 0 0 0 0 0 0 0 0 0 0 0 0 0 0 0 0 0 0 0 0 0 0 0 0 0 0 0 0 0 0 0 0 0 0 0 0 0 0 0 0 0 0 0 0 0 0 0 0 0 0 0 0 0 0 0 0 0 0 0 0 0 0 0 0 0 0 0 0 0 0 0 0 0 0 0 0 0 0 0 0 0 0 0 0 0 0 0 0 0 0 0 0 0 0 0 0 0 0 0 0 0 0 0 0 0 0 0 0 0 0 0 0 0 0 0 0 0 0 0 0 0 0 0 0 0 0 0 0 0 0 0 0

0: C:\Program Files\nodejs\node.exe
1: C:\Users\alien\Projects\cpplang\samples\command_line_arguments\js_node\index.js
2: ..\..\writeline\asm_masm\index.exe
struct DOS_Header 
 {
// short is 2 bytes, long is 4 bytes
     char signature[2] = "MZ";
     short lastsize;
     short nblocks;
     short nreloc;
     short hdrsize;
     short minalloc;
     short maxalloc;
     void *ss;
     void *sp;
     short checksum;
     void *ip;
     void *cs;
     short relocpos;
     short noverlay;
     short reserved1[4];
     short oem_id;
     short oem_info;
     short reserved2[10];
     long  e_lfanew;
 }
4d 5a 
90 0 
3 0 
0 0 
4 0 
0 0 
ff ff 
0 0 
b8 0 0 0 
0 0 0 0 
40 0 
0 0 0 0 
0 0 0 0 
0 0 
0 0 
0 0 0 0 0 0 0 0 
0 0 
0 0 
0 0 0 0 0 0 0 0 0 0 c0 0 0 0 
e   // push cs
1f  // pop ds
ba  // mov word dx, 0xe
e  // -
0  // -
b4  // mov byte ah, 0x9
9   // -
cd   // int 0x21
21 // -
b8 // mov word ax, 0x4c01
1  // -
4c  // -
cd // int 0x21
21  // -

54 68 69 73 20 70 72 6f 67 72 61 6d 20 63 61 6e 6e 6f 74 20 62 65 20 72 75 6e 20 69 6e 20 44 4f 53 20 6d 6f 64 65 2e d d a 24 0 0 0 0 0 0 0 61 af 1c dc 25 ce 72 8f 25 ce 72 8f 25 ce 72 8f 2c b6 e1 8f 26 ce 72 8f 25 ce 73 8f 21 ce 72 8f 4a b8 ec 8f 24 ce 72 8f 4a b8 ef 8f 24 ce 72 8f 52 69 63 68 25 ce 72 8f 0 0 0 0 0 0 0 0 50 45 0 0 64 86 3 0 37 1d f9 57 0 0 0 0 0 0 0 0 f0 0 22 0 b 2 a 0 0 2 0 0 0 4 0 0 0 0 0 0 0 10 0 0 0 10 0 0 0 0 0 40 1 0 0 0 0 10 0 0 0 2 0 0 5 0 2 0 0 0 0 0 5 0 2 0 0 0 0 0 0 40 0 0 0 4 0 0 0 0 0 0 3 0 40 81 0 0 10 0 0 0 0 0 0 10 0 0 0 0 0 0 0 0 10 0 0 0 0 0 0 10 0 0 0 0 0 0 0 0 0 0 10 0 0 0 0 0 0 0 0 0 0 0 28 20 0 0 28 0 0 0 0 0 0 0 0 0 0 0 0 0 0 0 0 0 0 0 0 0 0 0 0 0 0 0 0 0 0 0 0 0 0 0 0 0 0 0 0 0 0 0 0 0 0 0 0 0 0 0 0 0 0 0 0 0 0 0 0 0 0 0 0 0 0 0 0 0 0 0 0 0 0 0 0 0 0 0 0 0 0 0 0 20 0 0 28 0 0 0 0 0 0 0 0 0 0 0 0 0 0 0 0 0 0 0 0 0 0 0 0 0 0 0 2e 74 65 78 74 0 0 0 6c 0 0 0 0 10 0 0 0 2 0 0 0 4 0 0 0 0 0 0 0 0 0 0 0 0 0 0 20 0 0 60 2e 72 64 61 74 61 0 0 ba 0 0 0 0 20 0 0 0 2 0 0 0 6 0 0 0 0 0 0 0 0 0 0 0 0 0 0 40 0 0 40 2e 64 61 74 61 0 0 0 1f 0 0 0 0 30 0 0 0 2 0 0 0 8 0 0 0 0 0 0 0 0 0 0 0 0 0 0 40 0 0 c0 0 0 0 0 0 0 0 0 0 0 0 0 0 0 0 0 0 0 0 0 0 0 0 0 0 0 0 0 0 0 0 0 0 0 0 0 0 0 0 0 0 0 0 0 0 0 0 0 0 0 0 0 0 0 0 0 0 0 0 0 0 0 0 0 0 0 0 0 0 0 0 0 0 0 0 0 0 0 0 0 0 0 0 0 0 0 0 0 0 0 0 0 0 0 0 0 0 0 0 0 0 0 0 0 0 0 0 0 0 0 0 0 0 0 0 0 0 0 0 0 0 0 0 0 0 0 0 0 0 0 0 0 0 0 0 0 0 0 0 0 0 0 0 0 0 0 0 0 0 0 0 0 0 0 0 0 0 0 0 0 0 0 0 0 0 0 0 0 0 0 0 0 0 0 0 0 0 0 0 0 0 0 0 0 0 0 0 0 0 0 0 0 0 0 0 0 0 0 0 0 0 0 0 0 0 0 0 0 0 0 0 0 0 0 0 0 0 0 0 0 0 0 0 0 0 0 0 0 0 0 0 0 0 0 0 0 0 0 0 0 0 0 0 0 0 0 0 0 0 0 0 0 0 0 0 0 0 0 0 0 0 0 0 0 0 0 0 0 0 0 0 0 0 0 0 0 0 0 0 0 0 0 0 0 0 0 0 0 0 0 0 0 0 0 0 0 0 0 0 0 0 0 0 0 0 0 0 0 0 0 0 0 0 0 0 0 0 0 0 0 0 0 0 0 0 0 0 0 0 0 0 0 0 0 0 0 0 0 0 0 0 0 0 0 0 0 0 0 0 0 0 0 0 0 0 0 0 0 0 0 0 0 0 0 0 0 0 0 0 0 0 0 0 0 0 0 0 0 0 0 0 0 0 0 0 0 0 0 0 0 0 0 0 0 0 0 0 0 0 0 0 0 0 0 0 0 0 0 0 0 0 0 0 0 0 0 0 0 0 0 0 0 0 0 0 0 0 0 0 0 0 0 0 0 0 0 0 0 0 0 0 0 0 0 0 0 0 0 48 83 ec 28 48 8d d 5 20 0 0 e8 50 0 0 0 89 5 f2 1f 0 0 b9 f5 ff ff ff e8 34 0 0 0 48 89 5 d9 1f 0 0 4c 8d d de 1f 0 0 44 8b 5 d3 1f 0 0 48 8d 15 d4 1f 0 0 48 8b d bd 1f 0 0 e8 12 0 0 0 33 c9 e8 17 0 0 0 48 83 c4 28 cc ff 25 be f 0 0 ff 25 a0 f 0 0 ff 25 a2 f 0 0 ff 25 a4 f 0 0 0 0 0 0 0 0 0 0 0 0 0 0 0 0 0 0 0 0 0 0 0 0 0 0 0 0 0 0 0 0 0 0 0 0 0 0 0 0 0 0 0 0 0 0 0 0 0 0 0 0 0 0 0 0 0 0 0 0 0 0 0 0 0 0 0 0 0 0 0 0 0 0 0 0 0 0 0 0 0 0 0 0 0 0 0 0 0 0 0 0 0 0 0 0 0 0 0 0 0 0 0 0 0 0 0 0 0 0 0 0 0 0 0 0 0 0 0 0 0 0 0 0 0 0 0 0 0 0 0 0 0 0 0 0 0 0 0 0 0 0 0 0 0 0 0 0 0 0 0 0 0 0 0 0 0 0 0 0 0 0 0 0 0 0 0 0 0 0 0 0 0 0 0 0 0 0 0 0 0 0 0 0 0 0 0 0 0 0 0 0 0 0 0 0 0 0 0 0 0 0 0 0 0 0 0 0 0 0 0 0 0 0 0 0 0 0 0 0 0 0 0 0 0 0 0 0 0 0 0 0 0 0 0 0 0 0 0 0 0 0 0 0 0 0 0 0 0 0 0 0 0 0 0 0 0 0 0 0 0 0 0 0 0 0 0 0 0 0 0 0 0 0 0 0 0 0 0 0 0 0 0 0 0 0 0 0 0 0 0 0 0 0 0 0 0 0 0 0 0 0 0 0 0 0 0 0 0 0 0 0 0 0 0 0 0 0 0 0 0 0 0 0 0 0 0 0 0 0 0 0 0 0 0 0 0 0 0 0 0 0 0 0 0 0 0 0 0 0 0 0 0 0 0 0 0 0 0 0 0 0 0 0 0 0 0 0 0 0 0 0 0 0 0 0 0 0 0 0 0 0 0 0 0 0 0 0 0 0 0 0 0 0 0 0 0 0 0 0 0 0 0 0 0 0 88 20 0 0 0 0 0 0 94 20 0 0 0 0 0 0 9e 20 0 0 0 0 0 0 78 20 0 0 0 0 0 0 0 0 0 0 0 0 0 0 50 20 0 0 0 0 0 0 0 0 0 0 ac 20 0 0 0 20 0 0 0 0 0 0 0 0 0 0 0 0 0 0 0 0 0 0 0 0 0 0 88 20 0 0 0 0 0 0 94 20 0 0 0 0 0 0 9e 20 0 0 0 0 0 0 78 20 0 0 0 0 0 0 0 0 0 0 0 0 0 0 6b 2 47 65 74 53 74 64 48 61 6e 64 6c 65 0 0 34 5 57 72 69 74 65 46 69 6c 65 0 5f 5 6c 73 74 72 6c 65 6e 0 1f 1 45 78 69 74 50 72 6f 63 65 73 73 0 4b 45 52 4e 45 4c 33 32 2e 64 6c 6c 0 0 0 0 0 0 0 0 0 0 0 0 0 0 0 0 0 0 0 0 0 0 0 0 0 0 0 0 0 0 0 0 0 0 0 0 0 0 0 0 0 0 0 0 0 0 0 0 0 0 0 0 0 0 0 0 0 0 0 0 0 0 0 0 0 0 0 0 0 0 0 0 0 0 0 0 0 0 0 0 0 0 0 0 0 0 0 0 0 0 0 0 0 0 0 0 0 0 0 0 0 0 0 0 0 0 0 0 0 0 0 0 0 0 0 0 0 0 0 0 0 0 0 0 0 0 0 0 0 0 0 0 0 0 0 0 0 0 0 0 0 0 0 0 0 0 0 0 0 0 0 0 0 0 0 0 0 0 0 0 0 0 0 0 0 0 0 0 0 0 0 0 0 0 0 0 0 0 0 0 0 0 0 0 0 0 0 0 0 0 0 0 0 0 0 0 0 0 0 0 0 0 0 0 0 0 0 0 0 0 0 0 0 0 0 0 0 0 0 0 0 0 0 0 0 0 0 0 0 0 0 0 0 0 0 0 0 0 0 0 0 0 0 0 0 0 0 0 0 0 0 0 0 0 0 0 0 0 0 0 0 0 0 0 0 0 0 0 0 0 0 0 0 0 0 0 0 0 0 0 0 0 0 0 0 0 0 0 0 0 0 0 0 0 0 0 0 0 0 0 0 0 0 0 0 0 0 0 0 0 0 0 0 0 0 0 0 0 0 0 0 0 0 0 0 0 0 0 0 0 0 0 0 0 0 0 0 0 0 0 0 0 0 0 48 65 6c 6c 6f 20 57 6f 72 6c 64 21 d a 0 0 0 0 0 0 0 0 0 0 0 0 0 0 0 0 0 0 0 0 0 0 0 0 0 0 0 0 0 0 0 0 0 0 0 0 0 0 0 0 0 0 0 0 0 0 0 0 0 0 0 0 0 0 0 0 0 0 0 0 0 0 0 0 0 0 0 0 0 0 0 0 0 0 0 0 0 0 0 0 0 0 0 0 0 0 0 0 0 0 0 0 0 0 0 0 0 0 0 0 0 0 0 0 0 0 0 0 0 0 0 0 0 0 0 0 0 0 0 0 0 0 0 0 0 0 0 0 0 0 0 0 0 0 0 0 0 0 0 0 0 0 0 0 0 0 0 0 0 0 0 0 0 0 0 0 0 0 0 0 0 0 0 0 0 0 0 0 0 0 0 0 0 0 0 0 0 0 0 0 0 0 0 0 0 0 0 0 0 0 0 0 0 0 0 0 0 0 0 0 0 0 0 0 0 0 0 0 0 0 0 0 0 0 0 0 0 0 0 0 0 0 0 0 0 0 0 0 0 0 0 0 0 0 0 0 0 0 0 0 0 0 0 0 0 0 0 0 0 0 0 0 0 0 0 0 0 0 0 0 0 0 0 0 0 0 0 0 0 0 0 0 0 0 0 0 0 0 0 0 0 0 0 0 0 0 0 0 0 0 0 0 0 0 0 0 0 0 0 0 0 0 0 0 0 0 0 0 0 0 0 0 0 0 0 0 0 0 0 0 0 0 0 0 0 0 0 0 0 0 0 0 0 0 0 0 0 0 0 0 0 0 0 0 0 0 0 0 0 0 0 0 0 0 0 0 0 0 0 0 0 0 0 0 0 0 0 0 0 0 0 0 0 0 0 0 0 0 0 0 0 0 0 0 0 0 0 0 0 0 0 0 0 0 0 0 0 0 0 0 0 0 0 0 0 0 0 0 0 0 0 0 0 0 0 0 0 0 0 0 0 0 0 0 0 0 0 0 0 0 0 0 0 0 0 0 0 0 0 0 0 0 0 0 0 0 0 0 0 0 0 0 0 0 0 0 0 0 0 0 0 0 0 0 0 0 0 0 0 0 0 0 0 0 0 0 0 0 0 0 0 0
